$ANSIBLE_VAULT;1.1;AES256
36393364383637343836646132353834303138643662326133613763333965343437343832343331
6663316132636136343734306136613265356366306637640a323735326461353931343037386663
34646335316234326561663561643336363432653333653935653563343663333334643031323230
6133336165336535360a306261623963376163656663393735663835353763623833396461336133
61376165333834396138333038353439666435336230303331306237616235613264616437316139
61373933393431666335616234343465386333643361633732386462353261613363356463626330
32653765343130633163653635303466383130383338303862393634376337363066306133636466
63396361376136663263333366333130633665383162313034666463633430376135326134633365
32313132666234613861366332323437393966616333623761303566303339373437666266663362
64336230663134326661646431373431656137323735666433646236386334356334346235386664
31363632343532303132656134633036623063646430653533306266653734323439306366383435
61343437376366613461613637323635666231323662653537653732643464363866336561343939
39646230633631633932623838346164303639316537653964383835333263623636643530386332
35613936623538303763323635666434343836393636666539323338363834356264383537663166
64346262373263373133346432316134666634393535353431616430646134323063356662376461
63336535306266323834653432613436386366396461333462643135643963336466343134646334
33323262343732633463626439326439633262626337653438633661333036323637343931626364
65366665613462656161303966383737613764306135653633306632386638306135663230316232
34366430356562323738396266636464613433613332613832653461353561323638386237643563
66333039323437326562616634353061343532356464396663633261323335623961303331633437
31393462323661636431313730346635323430366564663362373263363236393538666530616162
33303531653061313036313632646164353931353764333561336663336338333830356239313231
61346463386137613138353339613963626437353262646239396662666337323937326562396534
64376333643236316364616530383763366437653364626431646163366430326562613964303465
64666564663465623263656465356263363065316639373239663364363066353534313466653466
34393761653737353031383333303830663862666139656165343030666432393439666366376362
39616138326464373830353132333337353565653863646365306364633165323765323063303763
30323937326638643362346530323565323464393564306262613133633861346562343765336635
30343730373136356633356635653764356335313438633463313431376637346666636264303631
62373361663466336133393132666665653064313235326161636139626539656365373437613563
64396663333166313264346339653431663264306338323032623761366562363765376534383538
33356236373539313638323432656237663132616536343935616434366531366462333635643938
30373033386331633039353239363439383166353433643039346532383930613762383062303864
66316237356263633136353335373466613863633465363739303132363432306165336162366164
36643034353339363866646162366165366461353962663161313733383163656262643035636635
65633132333962383130626133346531336138336562373038333536623537353064353964326465
30353630363164656637623833346266626437376261653632376266666631626533633332623961
66343632663539363232343137643663306132633630346236633865376630333537383537303165
31666138383837623532373162653865326439333531353361386263623233643537643565363238
65653332336561303065633435616538636364366236643433633437363730643733316430376638
61373534303066633432353034663336396261383338616361623661346137393865363534396564
32373364616632626165363362323563363736636463643331306366643437393031333339656461
62646562336336316633663035313436393934353363383062623765393436343930326634373465
35646565623633356666343731313361303639346464646437316263356134373664656230383839
32353131353764653436343036366233653633616131346165643734383637653433663032333836
65383930613531303235613134356539316436643863393366313239383634306165656438383735
32373035393764353434343935363333353532643565663834663163396130353330383438356263
39613562336563646362616362343065633862663430373264303362323832393961623136623166
31633935396436633861626462346566346531306364633037636566653464313666396661643964
34316636646461323532373331346563316434663138303339323938633861656635313330653137
63316334376364333137626634303132623661353932653762333266316162643439366464393564
33616466646630316462666536616632306538333033346262363334656437646632626166396133
33333138643638663436646465396337643630633335646139626635663866306262326164646163
37336139303563323666333464303563643831343733323361323232656534313763393035386331
65336135343264353662643735666166643639323136303736333538326165323330643532313035
65653464633234636136316232353436313035626532366461353662376631646134353363393661
34623165633130633834643966396463393664656637306466623236373837633130666139383238
33313334383064343436306136396166366666373032393861613863366665366461653461663630
63653335333263626437646434353965323837373430353636376235626464313133623038356537
62383362613831376266383937386665313661303366323732396162643739666538633437313737
64643733316363316561333032386234613161656134316562313566356332363961396133323934
36333761333266313432383936616338306232313862313037653764343233373531316535346637
32633161643135323766326333663664613665666635356637396630396538393930303838353934
65353237666530346239386263383066633238336566636564396466396463653938626233333765
36303930663530356261323264383761663063663537653432653937333063653936346130613435
64343436663234396130363163366430303031386264653736323964616534663931396133336535
63356461613965346565316263336365643662383761383139333530373364633862376337353234
64316663633631663161656534333434373164653737333963306439666262633433323939333333
38316135376134366265383961343835633765616563353737393561396536663765306638373566
64306537613133646536366566313436636362373063376439313664666538353132376137313038
38313961663366633935613166613738653534633365333738333666626434646434343264633964
37333932633233653137393831313464626564376231363537353233313532336461396630633632
66343466653734393530363362636232383639373363316431373838366339623832656431323434
37353163633738353736646663326130316261613262643337326465353662643131346435613965
65323735353031336538613164656665376530663531666337323532373663333566373538643832
33376636663664323437656663393736336265646263653435636664363236643464313764393836
63373736326337346264366562613036316337333162346562346230656635346134373832316635
64323931383066363164613736366162336539323632393664356132373138626165626530313164
34616362643631323832613264383962653830623037623262373631373232633166386366333234
36333761323731366633336639353830343162376138643061666138316230376666353834303036
64353333616235623033396533623038386436333134373738633532656137316631353530636333
39353665656137653034363434373332336466336262336362393461373762326666663732666561
32323962356335653065343963303130303939393130393463323764376237343463663933353266
62653163616665343134643439313866346236393932643833646366666462333136343136393237
63643934356134373431356539343864653139656336633632646130623232636138643033666163
34323732363730633036316164643537623337346430373539643334373066343532306638353262
35666536646665386438633531343462346634643865333538393333626435616131663733373035
32333537386565343137366565666635323239653632306532323362613231316465323061316131
30336335343437363838353035333439306630643639376230393665323732343937373437363033
62633035643939326130323062633536626631333764633930313865303835613132663364643835
62636361623431633138343765666566343332316566623562346336343661393064653866636536
36616339656133643239386363653162616638643233363261363061316339343830373464346263
62333763333263646338323138393932663866363066363166366633616165623336643031373235
62346339373039323432336462376335383239636536306331666362646134333063313432343566
36363137386332396235373062623932313336303861663165366661323134643864646363616366
64303030353665353566643336336335326261616366363434333662353332383138303761383932
31393232336530646531653537363665653131616661663833383238303731636537343935653661
61613736323633356661363362616161356135643434393233396365343563376135656433333364
65646230346565326661366664656363623463643062343536303865396330343836373965333534
30376239386663383137666633353461653764303639343065613034653466346665383932633838
35386636653339343538613766653634636636616666313333333530313464646339636366343164
37386563356533626134376235366362373037336664363331363463333865626533343566623232
37383032353566653862663838376131313530636365653833306262393762316330303230376432
37626132303136353730343762376232303938383333613737396338613631623833376535393139
30376665333364313630363534373138313034626363323563303735633762303336613630346565
63306235626161373338653461383966383965326536343438363262363237303632373634643262
31386131653264316432623361623231663465616534336666383338613535333662353839636634
36376633316433363331303466616362383864396136633633353734643138313434323436383561
33656665393832653563656437303536383931313531663238646130663737323032633165313464
38353838616337656336386538663131323639356339383461626632323765643837356466346433
33613637616637633435653262313732336161363265613435303965343161313132633039353433
39316631623061393530383566633661303662613064343937316161336464396533336539393565
35636237326638656436653232373465363764656461616530383164303832306566623738346538
61373831333935336231636633343565346534396531303263396462383431353761646336343933
61303536306138623430303366623866336238393866613132653735313866623338313264616330
32343538626262616133333163343832343264323061356664346130393734346230353334313432
62396231633830623564303462326333656263613162653365376666663661333462356630636564
31396662343361616662323733623561663461343963613538616136303637393136646637363036
63663932356633633133343461666434306435376632343932626363336261383737626231623839
37363733333731383332626237626365383438636361306438656661343831323866653333663336
30396238313533346166646431333138313532383165393738303764333034643965376131623137
32396336623931613136663263653635356537333137613932323139313262396537613663306166
37363633346534343537663462303432643365646165333861376534326335303735613736613366
36373966636263633565313431333734323039333865323139366561383136343432343135383039
35376531306261303766643563323064613839306234616634393861336131353964663664346663
34333937666163663734353539656233393930313035333866363532613462303830663639363665
63313032333238653465356434303462656538646436313063356537666631643430646661646235
66313330353336396639396431353630383066663031613431333130643430383134653238336239
63646134643235633234633366386163323765316539623161663766326566336534653566376530
30393861366439633363316537643835646431343938396635653634393764646664333261656365
32623737386332323032323961366237343338363138333430376666363835663137326431323532
30356266356265383865653162613561303162313135363537653131373936353164623530663066
32336364636334363239373439326438326661653433363138343731346137373664306466323738
30383034303530626536376361393235333732393731646531313537336238663933313137343038
386431333166333133363438333533386537
