$ANSIBLE_VAULT;1.1;AES256
65306337613132366637356363326563643064643261303435323864363732356539343536646363
3939396461643062323136363035363239636138386430330a333162363933653938316633333261
61336362316530333532353364343130373035663463313963653461303432666632366337396635
6463613238613365650a663333346337346238326431303737336334306164646633316233353736
63656337636637383764333631653235633431376334303861356533366434623066386235346239
30653138376262323338393932333935653761646438333261383434653735396662383166346566
35363133383662393039336165376361613362386337613835386265363761306138303464383437
36333533616630393865383930346136383330646364643061616666356363666264616430396335
64613534616332313865643534363466373862376461386362653934623632626164623534643262
65343063306564623338643534353239333432623933343562616465323166333864373537343165
34343865383066323538316338313561316532653863666532656635313536386135613335656564
62643863373663616132663866336632633935383034363638386332386130353363623661646332
37343362353938663133643433636561663163366365613665626436646236626139653362626438
39363263336163663639626339306131363333356165643431623761313233343165373737303634
61636564646261306366653361303930656536666632653862656234333439333037626332373433
62343931356235396235666439366565353834623334353433633637376264373638643735633039
38633938643265316364313263363331333033346363343162396330336532663361663965366263
34393234353564623435336564356436656435396531323737663163336238613639363138363638
32393961613761343661346666383264356336363334366666363766333566616630613964386130
31343935646134366639616566643565653366326664363135353765363065646265643438363166
33363231653532356538613361353232653766373535373332343436396635343733626161383939
35343963313436306635656537346631663230613362353430303664393238306565626134336133
64303965346565353364363333363032643739326138656430346237333163356437636431623332
33383661363634343538626132633063333336303436363562623963353735336137373132323864
34336361613834656634653264626563343132383533633136376662613832663137313639383739
62366139343066633964653230313039323761343766653664366438366366386465326662626464
38353131346534313165653833356162323938336564636563343863623736663066666163336330
35313130613330303733383662623161346661613163613636396331393461663938656433666537
31306333613363626363313436623139636161363636346339323362336636653066363261343731
36656635343063373865633866663965363835653561633233666138306362323531643665623434
66363164336562353637303533313634636264326637396231623433636234363235373462633439
65373635616462303631626163383537353636346562666466323837343037353836316237656235
34316134373666363038343466653336313232316230666562393939313335373134613139323862
34623666656231616465326461376235613536333162353338346432623565356336653539623863
63663862303261643263643937326137636235643835623366323436613735323263326334346234
65656139613634613465303634623736396338393333323036666236626463366631343332333565
37613563303536653264333434343330383830643531316564623934306666366661636466613232
66353030313633356131383962633635376336353463363033663339306333326133393735643237
36313534303035333139393263336331323832353036343461373639633561636538353133386434
31393737333161373436356461336564363361343861376438666634313733383564663863373966
39396436646436393665626463386262666466313961303661343237353562643263633631393434
31376634643633333737383163306463383539623438663233616331613332313732333132356663
61616331653333393939383135623035313834323435393965313765313035303861366637636361
64616536343335323964383230373232316265373437326334333639613761393464666235613964
64346338633939386134326535366631393533653438313831613136316632333566633738613638
33396630316535336433633333333337656265303937386133306439386564633732653637363764
61376137343066333030306236663433363765313131386334626534373037333865313536643038
33666363353137346634666435326462643435313135646634306236353338386436353162343166
38333061633134333765636130393963313939316134303466646136303161323631646439313438
35306638383834653239313938616134366538316139653133616430643564333464373633353035
32666132663530316537383661616437643430633739663338626131376438313663303066323638
62353466303164333962656265646531363533613432326166653332313661383233383862373931
31653232353536623232316433356266323066383034373063323965346332383564666331633334
32613132303338363433623739396530646664376466303166343237613033376633396535336561
32656235346366316530633931633139626665353333653966363731363130623935653363303132
39633866643632396462326165613836613039623965323438636264383731336431633936343963
35636461626165343135643834323861616537316231333735313439633736653337336166346363
35363362643038306464633364396435343837656239326531646161643435306631393463383130
63646331343661383861666330336535303439636639326133326136356333323431633663356664
31396233323535393162393463313431316432323562336132303138303734626130663064666261
32616562313036366333343232313861313931643863656339373663363533336566373362393161
36646334656431626463306564353332616238616139666330636261613132663062326430616332
61663332303362623662616661323932346464653432323037623632613964643239373238366334
31353834373830613032373637316334643138646165306430646530666434663031643532333461
65333931343339336638313665393935306531336539326461656235396335613066326432666464
63363662666635623831636661363235373763626236656634616630356361393862653436353030
66636131306134643062343533316232306530656231393766356439623738353366383537396132
64613136313931376536393638383533633834353236373231303433333064373363653962363731
34336237326463653236383261663736666437313863313664633662626566376639396539383634
38353164386539646434326238303665343465383230383266613164316163626434306635393530
35333233663937613935643434346337636430313235633436636534623664373965633835613937
37623933353764343632613463323362633234303339333066666562333363663961616536383236
34613830613061313835396539626162356638343236303635656431613362636439653731316233
37613933366663326632633639613431346436663032353262653836636133306138656435333161
30663833346539343866316463616538333833333032613836613666363834396662373232366437
64303234383630646633323461343738653062386564646564373632323762653932666466386234
38656230383838353538613331373938653039623037643839333865633835313630356565393036
35343863313538353336613564323965386638636336323666393530346362623132636239643537
66626462663437616563656139613939636437323838626434626166346134376137396535343933
38613763316431366531336663363762363837616465646138373764616430343165393331353961
34356664623261333430396137313264626531386264396135376164373565333139303439323131
35376430623233323838393638656439323336353636333061313666656666343562643537396665
31656635376539613632633361353036336265306330666261393733343839666132323864333534
38323535333765666434383830373730666162653434373565656133306330346637333436393633
32633938386335353963373530323636646534666562383937343763316236643434356636363662
66306462373634616262383131383935396238316438623239303032363264323364383032363766
38626665636463366639646339356435336431613737643830363737353862613334346133656238
32363135366239323034396537323137626537393966336261613930336237666231366265396334
36376437373661613066363563383938656635376536663434386263303935326164393839366431
39666566343166653630666662326136356435313862393437653366353138366562306463383039
33636363613030333335316438376532653234346137643563666362343636383862653434663166
64313265623766336265313534373530326237393863353237323932323863626564346136353262
32646433306163396636336566323137323263616363353964366165373764353965303437323663
62643438393862383632393764393535626130376663366361303961343532613461316134373964
38346534326237386633623435393633613863306436626363616330303033353835393361333765
39373236383363626634666166613032366137323331663230376235613739316163656639303931
33323132643063383964663463613864353931636261306139366235643337653839646465633839
32356264323837373464353939646235383566363536646232653563623365653535376633383366
66653039653036363364396437633531656536663464376361663237633931623563646265316265
30396365383963633235336439623631323230363039663561643031653036356663353165623839
64343365383066303939363630653965326332633335383366323532316463663364623665386462
36346430646430306234383332636263393531393138316331663335306330393435356338353361
66363262316337363836613537333132363966663531626235303764643261343366663737643533
61356261303239316131353536646137343865333335396639646262363364626530666237363065
37326564323365343863623535663161613233313334663833313666643835386166666266393831
33353732613133336236313338316530343361613962623766303331623536613533353930323732
38373436333865353834623439343438633965373735373032343464313662323637333266633738
65333832633936323663666635386230336637323536376238366439383038306336346239646133
30393935616361373935383564616239376231666130366337316266653934643530613061643563
37336233356363633864363337303933633434313639396338373036623934663237646433643961
33623039656562643732656633393630623134613366363335633561386261393135626232343435
35346330623165336231393636373433386331333364613438653830323564396433613066643839
66653837663733393666373035633834643539663833396232333431616264353865386363333366
31396138376637666438396166356339383939666632623730313565323933313465663333333764
62323239303566616134656236396636353331353531636661313830313364343233663364626461
65333763356265613331623734626266353637313537353637396532363233653232313863383230
64373562646561623139666434346133653562623065613430613037663630346266636136633265
65303364383730646262323531656332616265643336663263366364373764633063616561363332
33333235616461633435353139666438643664373333396637393139306131353930643435663966
64343064346137326431343365363561613333633564646564313038346531323030356534323962
38343565373538336536666235356230313534656663363630636666643466376230323337663561
31623631613864306235336266363033343637663966356332356633353166653834313665623964
62303266656564633138616237366430323138333631663931386531393132363364643733323037
39366562316466393835666331346161336534626131386530383566343031393864373861373136
64353164393134303362613635303837386133656466616363363234323363363863363632656163
34326464373230333933313765623363356462613864623036326437303739363232356165363661
61326239343961333339353164303038356239616566363265353365646639616531363632316131
39333839333435653934363639306639613465353533313964336264383730323637633236373631
38373832306566313864613838646538616565643138393762336131656332666661663662323264
35623462306461626461376135303266313439643332393832333466626466653964303665313630
32613832623661333465386138386631313965623038626565643162376533316539346538333465
39383135626132336333613235626666366338653065663238353335626363346433383865396334
62383763373634346435306430323161663762636139316663306333356433353639373334643433
35346536663031613934656466316237323862323039343130633461326165373733653230663736
62633639373866393364323665663338303861623765626461396238386364333064386535623862
39323632633733643361343935393162626466346663343132326339376632306334613461333239
65656339643238623730306131643264333135663934626165366561306435333237366463323761
36373764366436646632363833353530333339306362393633326135323731633832356464623332
37386634656561366661653765633334626566633462386134336164666530363239316661326461
66636264363535653864356333323231323532636237306562346265326664353664636265353761
35326661616337343132663239376331343932333332386238656664663063656233323865396433
39383833306439346231316536626138336334303638393564663535363537376231633430303266
37303534323963643332366363663038616531646465386161663365663562623662316464626433
66636636306166623737633563303133326666343039333366316139636130346464636636636163
61653830646136353861616366656665646462376666313163333232623333636266613831383939
39393733303632663763653533646136336131613635333162626665646536373664636662616432
38313230313862353230373732353965323638623136313930383033623634303837393161316330
39323661353466666166316536383264313664666330363066373266393365363332303430316261
34623137643261303438313134643738323564643135636132643533643137346266306135376138
36363331636565356563373636306262653564653661666563383736653964643039376234333535
31393834633632613265393064356265343636363433353033623539393735633430643435396137
39646331373766306332623330346131656136333333393533313236316165643637323030643462
63373531336337616239303437346262376666393561626565356666336131356564303165363064
37383065643563323461656166653231613738386262303130666461323237623863616564393338
38376266383633616235326364653032666332663739613236346232323237653436646638346632
31393462663161383338396238356430366434306165313639333430303166396234616630383031
36663062306531363862383235336139666462343030323237336566303833663662383233303737
39316161373435393864346263323333653532393931393330626339366536323134333934636361
30643766653737383463303464306161643666346262363533393831633530393436633232653334
62633139633430663761613464363663303430626332616334393736626664646439633563383236
38303436316161623733656135663035343365633233633165316236623535386539663538383234
64616665626139663565636265636136616561373862353639366361393335626162316263613038
32323839653539653263393231613434613661663736656530376466643265303363383634643464
65333234633337646134376533653135646631383964646537306161373335316138303637326163
33376237636336616363653130633933313462303830646332363738343836363134616632366331
36663163346332363332356463646233376562356531656337643533323135326466626630356235
36363062343235373061663536333634653339323935383765383235373137633332386532386264
37393739306364656639373435366236666539633232353533386338356262363334633338313737
32303135633333613834383337383665653938396162633034313434303534656165393436396635
65333665333662626531306362313337353862383865393134376138313338323861376530333036
37356561326439316131313937373832363761353439353237663430613861396231663933333961
61333531316534303638353332623439613434353934396435323532363737396563653233316464
37663235306630326162313865393733353636643466626539653463383764383766
